.Random.seed <-
c(403L, 10L, 288826975L, 1325732070L, -2004331664L, 1055487123L, 
1958080817L, 1253267424L, 904387710L, 1525042953L, 1916342587L, 
-446204662L, 2092133612L, 923457903L, -2007015771L, -1857507236L, 
1422075954L, -1890722003L, -546132505L, 1366421774L, 1899501288L, 
981481707L, -1980024439L, -1164195560L, -756589498L, 910025889L, 
533891891L, -446598494L, 79284628L, -2123442153L, 874299405L, 
-972094172L, 499204362L, 944765045L, 850940879L, -1678514986L, 
1575318656L, 161319619L, 1329648737L, -96430896L, 139904558L, 
-299223079L, -1747101717L, -652341670L, -1911814116L, -2140138209L, 
1039897973L, 976659468L, 372499938L, 1208112829L, 1005678903L, 
-1053829666L, -1774843112L, -1984953733L, 1188376601L, -605886296L, 
1392036438L, -1181894959L, -657967485L, -2008158958L, 948467876L, 
-360466329L, 400751037L, -2115693772L, 1500903578L, -1935548699L, 
1947842687L, 2035741190L, 1945066896L, -336723917L, 1864789969L, 
-166926976L, 1457907806L, 1024772009L, 24444507L, 730620522L, 
1992118028L, 369879375L, 1640354309L, 1721794748L, -953701998L, 
-1903770995L, 1723166919L, -1892350546L, -1783361528L, -990772213L, 
1694744809L, 2044247992L, 408688742L, -1617737471L, -350683245L, 
-1000763326L, -960145420L, 59376119L, 589235693L, 1730823812L, 
41760938L, -677804523L, -564045137L, 654839990L, -1643082016L, 
981045795L, -567722687L, 2127003696L, -699884978L, 1177018041L, 
156281547L, 348154746L, -1386571140L, -1267978561L, -1263757419L, 
-1769386068L, 1355976066L, -1599433891L, -2042741161L, -510829250L, 
-1408815752L, 686964315L, 1674860985L, 1232530440L, 626030262L, 
-1433106959L, 934845475L, 1839395954L, 192390852L, 144474247L, 
1666384989L, -17061292L, 928645242L, 331318213L, -1490733793L, 
-1361603418L, -170121680L, -101352237L, -1043025167L, 517423648L, 
-379870018L, -1037610807L, 551539323L, -1886095286L, -95516500L, 
-2121273425L, 1280785253L, -866234084L, 1669257586L, 1044007405L, 
-1568465369L, -1287958962L, -527600984L, -237219669L, 1108507081L, 
294802904L, -758864762L, -2066495135L, -1726657293L, -316181662L, 
1168276948L, 1289369815L, -1287337267L, 1099569764L, -1644834742L, 
735712693L, -1789953777L, 384656918L, 1937776832L, 14890627L, 
-553323871L, 1710216336L, -1482490002L, 1078843673L, -372033109L, 
-1412786278L, -1007351972L, -504097185L, -2030557643L, -2064792116L, 
329450786L, -304042115L, 2077131895L, -474138210L, 37826648L, 
-1783845445L, 32392025L, 1320169704L, 13504790L, 92451473L, 1831255875L, 
-1049388462L, -778982172L, 2009741095L, -1481690243L, 246400628L, 
-42157990L, 80756901L, -1929256257L, 1264335174L, -1598517296L, 
525388275L, -728013551L, -1879686848L, -1418317538L, -1972861463L, 
79939355L, 103690538L, 859597388L, -1630210545L, 1932794181L, 
29459196L, -772245166L, -1666281779L, 739059335L, 6549870L, -695596216L, 
1503727435L, -2028415319L, 1914022904L, 930878246L, 1264079937L, 
-522422829L, -501008510L, 1937865652L, -834563273L, 144667181L, 
-1109200060L, 736139370L, 1507001045L, -1729282961L, -1830161034L, 
-141443424L, 925320322L, -1525890112L, -962434756L, -1863102832L, 
1635193890L, -461537272L, 296887436L, -327132132L, 260956306L, 
935058560L, 734284820L, -1777625304L, -388480966L, 253794512L, 
2091552876L, 1696990900L, -1018639342L, -69753888L, 394343372L, 
-306112032L, -153278430L, 1906289960L, -1562283764L, -1648602564L, 
1822386418L, 1373170928L, 1081425732L, 790387800L, 571158074L, 
159267056L, 625624764L, -1087888876L, 1088091330L, 7551584L, 
2124427644L, -644354864L, 1035612194L, 394990760L, 305869196L, 
6685116L, -726889422L, 1713811264L, -651769164L, 1655754056L, 
145274554L, -217433328L, 1506363628L, -492917676L, 608944914L, 
1301736864L, -1115023412L, 2136304480L, 161475778L, 1810801192L, 
116006316L, 1083024188L, -464883854L, 1033969456L, 1973845028L, 
1528762936L, 1234224858L, 1995547536L, 1100730620L, 1652615572L, 
1003338562L, -730598912L, 948204604L, 1300015696L, 1935217826L, 
701097800L, 1077913100L, -1795123492L, 741613650L, -1798991744L, 
40465236L, -564161560L, 1238045434L, -1422635184L, -1243787220L, 
485020020L, 1544907410L, 2078134880L, -582222708L, 1032695136L, 
6389986L, -1943480152L, 1716896460L, 238241276L, -673835086L, 
1187753968L, -977289788L, -1425847976L, 1413295482L, -1255940688L, 
1231788476L, 653404756L, -1575932478L, -1383232736L, -1600689220L, 
-39488432L, -785016862L, -1634804888L, -2012321972L, -1986209028L, 
201151218L, -1091866368L, -1065020300L, 153598472L, -1549180486L, 
1022654928L, 1665405932L, 766793620L, -1412913966L, 1448251488L, 
-579356340L, -1826889952L, 317481602L, -1875234328L, 2026324972L, 
1723432508L, 1762071154L, -1822795920L, 191365412L, -852754888L, 
1914744218L, 1693849040L, 191525308L, -1863378284L, -1688127870L, 
228456896L, -547659972L, 139478672L, -330644702L, -1029427704L, 
-1573148916L, 619388828L, 832239634L, 393184128L, -805945580L, 
91236648L, 1255405626L, 1825417168L, 1787249260L, -470989772L, 
-1572262766L, 855717216L, -310943412L, 1358717408L, 176863138L, 
-69640280L, -358462324L, 299969468L, -873136014L, 976163824L, 
1412055108L, -417655720L, -1208612806L, -1031733136L, -1299035588L, 
-1584002284L, -870981950L, -1072750880L, 14009468L, -2067124016L, 
-1613487198L, -298786264L, -1452040948L, -79057988L, -2059317966L, 
1728971968L, -1237402060L, 1560897224L, -1506865478L, 1007470736L, 
1475144428L, 1175872084L, 1005086354L, 1094441760L, 2143902668L, 
1408021728L, 1721875138L, -739622872L, 720036780L, -836119876L, 
580623858L, 261353008L, -307165276L, -723917384L, -377206950L, 
-1770026864L, -1064000644L, -356754668L, -1363050174L, -663461120L, 
-764958788L, -59464880L, -1545294558L, 1615730248L, -1003411444L, 
1109837916L, 1793200594L, -1595100672L, 2126051668L, 1717978344L, 
92093690L, -1913266480L, -1757551316L, 1409845492L, 1393921426L, 
-336768672L, -1014132724L, -1785432352L, -1473156510L, -1261410648L, 
1392592460L, -112385156L, -1321310926L, 1726510704L, 164989764L, 
544736216L, 431411066L, 2123057712L, 2101177276L, -2010148268L, 
-378796990L, 1734344864L, -828441924L, -706411983L, -1015311197L, 
734976164L, -643929774L, -2024794969L, -1862086415L, -676075466L, 
-1093723948L, -1572508571L, 1251829359L, -658757464L, -577948154L, 
66885427L, 1502286741L, -854317070L, 977642560L, 1329831337L, 
-1675250661L, -1366920724L, -2099443206L, 1504816687L, 1782889017L, 
2118620238L, -517120868L, -1726935539L, 1193374327L, -1475722624L, 
1349089502L, -1825795157L, 1473715373L, -186310374L, -1258678824L, 
-2111156671L, 149964019L, -622570732L, -1770495326L, -1624220745L, 
2143156097L, -342459002L, 267505604L, 1293964021L, 2006796127L, 
1716455864L, 1074671766L, -1844210013L, -689850267L, -696529534L, 
-1089065232L, -1428847975L, 1927538315L, 1777633148L, 1492666794L, 
-475774497L, 500864873L, -601792642L, 1775019884L, 668621757L, 
860227719L, -296254352L, 164019982L, -1010236357L, 1001753373L, 
-1499217462L, 93645544L, -1334501935L, -1442590781L, -1857316668L, 
101115762L, -1716659641L, 1478322705L, -426990698L, -1815435532L, 
-776075131L, -1567539761L, -527759160L, -322625178L, -1018981485L, 
-1160717067L, 1878752466L, 1519053600L, -1762712823L, 1923302459L, 
438258060L, 2085691418L, -416330609L, -481184807L, -444746642L, 
316905468L, 826051949L, 1224050455L, 611743456L, -382417730L, 
-341650805L, -1870817011L, -1428910790L, 439520632L, 1861650209L, 
-494657581L, 632309492L, -417589374L, 2087042583L, -1653959455L, 
341864998L, -1496403164L, -1396483115L, -304710785L, 1382383128L, 
1046611254L, 913284035L, 961987077L, -119301726L, 728276368L, 
1305734457L, 1770531307L, 862104284L, -1806856438L, -641826305L, 
-871593911L, -1188093474L, 253036940L, -1462737571L, -1022327449L, 
-120793456L, -1718536018L, -149636773L, 838167869L, -1413865558L, 
-466929592L, 1540919409L, 713457123L, 2092071140L, 973640722L, 
1393647591L, -682227791L, 871487990L, 309814292L, -2121360603L, 
565148719L, 1942564328L, 127666886L, -1425894541L, 1593596885L, 
-2074614862L, -1576438400L, 817130857L, 1901347291L, 510208300L, 
